###########
# Tempo Método GS: 0.000020
# Tempo Resíduo: 0.000022
#
# Norma do Residuo
# i=0: 319.3339548141781278900
# i=1: 319.3339548141781278900
# i=2: 319.3339548141781278900
# i=3: 319.3339548141781278900
# i=4: 319.3339548141781278900
# i=5: 319.3339548141781278900
# i=6: 319.3339548141781278900
# i=7: 319.3339548141781278900
# i=8: 319.3339548141781278900
# i=9: 319.3339548141781278900
###########
set title "Superficie da PDE para o metodo GS"
set view 60,20
set grid
splot '-' matrix nonuniform with lines
10 0.000000 0.200000 0.400000 0.600000 0.800000 1.000000 1.200000 1.400000 1.600000 1.800000 2.000000 
1.000000 0.0000000000000000000 254.5902775219125544481 157.3633919576101334314 -157.3232594352808177973 -254.6056039522613048121 -0.0496058576416706365 254.5749423492516427814 157.4035190762771776463 -157.2831215106674846993 0.0000000000000000000 52.3378232354886705480 
0.900000 0.0000000000000000000 52.3378232354886705480 32.0777750475752867487 -33.7238755864666543971 -53.6605836751249185568 0.7388375703762398716 55.7851437807409098468 38.3494427089853218149 -20.8227172610526878316 -24.0336943204678377128 8.6650358566728087339 
0.800000 -24.0336943204678377128 8.6650358566728087339 7.0864477311113249769 -14.2643670998203511147 -20.3053844928988453944 0.0782667083977946210 20.3998011245465988850 13.9999272807495138693 -8.7676412103779686191 -15.2749054724159911700 1.3201064072290871199 
0.700000 -15.2749054724159911700 1.3201064072290871199 1.6450862542544797407 -7.8649502832274365005 -10.3191293498893230662 -0.2849879591631752085 9.5305052152645295394 6.2759233399220217819 -5.1094977388757953918 -8.7578137957856725393 0.0193010677473933884 
0.600000 -8.7578137957856725393 0.0193010677473933884 0.3658413018757832313 -4.4306909371843588019 -5.5968417612238052783 -0.3068782645882309756 4.8172324732616420562 3.0813935196496502478 -2.9201202558815588795 -4.8534925748557489200 -0.1637290883504350092 
0.500000 -4.8534925748557489200 -0.1637290883504350092 0.0577252784612805395 -2.4501587479915345469 -3.0414108121362257720 -0.2208587347824621516 2.5000874976837130781 1.5745016329061827243 -1.6157993680721531859 -2.6414813764862650203 -0.1397830299091682993 
0.400000 -2.6414813764862650203 -0.1397830299091682993 -0.0105900378774458504 -1.3310755605712094596 -1.6373057117942024785 -0.1366296196145904696 1.3083133623169789228 0.8166372602395119973 -0.8775369022580240541 -1.4235137498339995865 -0.0987138185213914249 
0.300000 -1.4235137498339995865 -0.0987138185213914249 -0.0228742224500151255 -0.7102709260636406174 -0.8676249931004181848 -0.0787383341858551022 0.6795973614041014299 0.4208833596402308808 -0.4700036203709219151 -0.7609244578550021787 -0.0750607374920976012 
0.200000 -0.7609244578550021787 -0.0750607374920976012 -0.0254598361989487251 -0.3643168706099917942 -0.4401898291745713898 -0.0429259736241017695 0.3379035216467550229 0.2073821702131651290 -0.2418369951201956580 -0.3932991268878302527 -0.0633471252924743405 
0.100000 -0.3932991268878302527 -0.0633471252924743405 -0.0243493656579952533 -0.1574431803378845141 -0.1857408133367159098 -0.0193705461653390018 0.1395293952071490762 0.0862155462112383641 -0.0981609813101364664 -0.1548421880326700528 0.0000000000000000000 
0.000000 -0.1548421880326700528 0.0000000000000000000 0.0000000000000000000 0.0000000000000000000 0.0000000000000000000 0.0000000000000000000 0.0000000000000000000 0.0000000000000000000 0.0000000000000000000 0.0000000000000000000 0.0000000000000000000 
e
e
